47 13
48 13
46 13
49 13
45 13
50 13
44 13
51 13
43 13
51 12
43 12
51 11
43 11
51 10
44 11
51 9
45 11
52 9
45 10
53 9
45 9
53 10
44 9
53 11
43 9
53 12
43 8
53 13
43 7
53 14
44 7
53 15
45 7
52 15
46 7
51 15
47 7
51 16
50 15
47 8
51 17
49 15
47 9
52 17
48 15
47 10
53 17
47 15
47 11
53 18
46 15
48 11
53 19
45 15
49 11
53 20
52 19
45 16
49 10
53 21
51 19
45 17
49 9
44 17
49 8
43 17
49 7
43 18
49 6
50 7
43 19
49 5
51 7
43 20
50 5
52 7
43 21
51 5
53 7
42 21
53 6
41 21
53 5
41 20
41 22
53 4
41 19
41 23
53 3
41 18
53 2
52 3
41 17
53 1
51 3
41 16
52 1
50 3
41 15
51 1
49 3
42 15
40 15
50 1
48 3
43 15
39 15
49 1
47 3
39 14
48 1
47 4
39 13
47 1
47 5
40 13
38 13
46 1
46 5
41 13
37 13
45 1
45 5
37 14
45 2
44 5
37 15
45 3
43 5
37 16
44 3
42 5
37 17
43 3
41 5
38 17
43 2
41 6
39 17
43 1
41 7
39 18
42 1
40 7
39 19
41 1
39 7
38 19
41 2
40 1
39 6
37 19
41 3
39 1
39 5
37 20
38 1
39 4
38 5
37 21
37 1
39 3
37 5
38 21
38 3
39 21
37 3
36 3
35 3
35 2
34 3
35 1
33 3
34 1
32 3
33 1
31 3
32 1
31 1
30 1
29 1
29 2
28 1
29 3
27 1
29 4
28 3
26 1
29 5
27 3
25 1
27 4
25 2
27 5
25 3
27 6
25 4
24 3
27 7
25 5
23 3
28 7
25 6
22 3
29 7
25 7
21 3
30 7
20 3
31 7
19 3
31 6
32 7
19 2
31 5
33 7
19 1
32 5
33 8
20 1
18 1
33 5
33 9
21 1
17 1
34 5
33 10
34 9
22 1
17 2
35 5
33 11
35 9
23 1
17 3
35 6
33 12
35 7
33 13
36 7
33 14
37 7
33 15
37 8
33 16
37 9
33 17
38 9
32 17
39 9
31 17
40 9
31 16
31 18
41 9
31 15
31 19
41 10
32 19
30 19
41 11
33 19
29 19
40 11
39 11
38 11
37 11
36 11
35 11
35 12
35 13
35 14
35 15
35 16
35 17
35 18
35 19
35 20
35 21
35 22
35 23
35 24
35 25
35 26
34 25
35 27
33 25
32 25
31 25
31 24
31 23
32 23
33 23
33 22
33 21
32 21
31 21
30 21
29 21
29 22
29 23
29 24
29 25
29 26
29 27
30 27
28 27
31 27
27 27
32 27
26 27
33 27
25 27
33 28
24 27
33 29
23 27
33 30
23 28
33 31
23 29
34 31
24 29
35 31
25 29
35 30
36 31
35 29
37 31
36 29
37 32
37 29
37 33
37 28
37 27
37 26
37 25
37 24
37 23
38 23
39 23
39 24
39 25
39 26
39 27
39 28
39 29
39 30
39 31
40 31
41 31
41 30
42 31
41 29
43 31
41 28
43 30
41 27
43 29
41 26
44 29
41 25
45 29
42 25
45 28
43 25
45 27
43 24
44 27
43 23
43 27
44 23
45 23
45 24
45 25
46 25
47 25
47 26
47 27
48 27
49 27
49 26
49 25
49 24
49 23
48 23
47 23
47 22
47 21
46 21
45 21
45 20
45 19
46 19
47 19
47 18
47 17
48 17
49 17
49 18
49 19
49 20
49 21
50 21
51 21
51 22
51 23
52 23
53 23
53 24
53 25
53 26
52 25
53 27
51 25
51 26
51 27
51 28
51 29
52 29
53 29
53 30
53 31
53 32
53 33
53 34
53 35
53 36
52 35
53 37
51 35
53 38
50 35
53 39
49 35
53 40
49 36
53 41
49 37
53 42
50 37
53 43
51 37
53 44
53 45
53 46
52 45
53 47
51 45
53 48
51 46
50 45
53 49
51 47
49 45
53 50
50 47
53 51
49 47
53 52
49 48
53 53
49 49
52 53
50 49
48 49
51 53
51 49
47 49
50 53
51 50
49 53
51 51
50 51
49 51
48 51
47 51
47 52
47 53
46 53
45 53
44 53
43 53
43 52
42 53
43 51
41 53
44 51
41 52
40 53
45 51
41 51
39 53
45 50
38 53
45 49
37 53
44 49
36 53
43 49
35 53
43 48
42 49
35 52
43 47
41 49
35 51
43 46
42 47
40 49
34 51
43 45
41 47
39 49
33 51
40 47
39 50
33 52
39 47
39 51
33 53
38 47
38 51
32 53
37 47
37 51
31 53
37 50
31 52
37 49
31 51
36 49
30 51
35 49
29 51
35 48
29 52
35 47
29 53
35 46
34 47
28 53
35 45
33 47
27 53
32 47
27 52
31 47
27 51
31 46
26 51
31 45
25 51
32 45
25 52
33 45
25 53
33 44
24 53
33 43
23 53
34 43
22 53
35 43
21 53
36 43
21 52
37 43
21 51
37 44
21 50
37 45
21 49
38 45
22 49
39 45
23 49
40 45
23 48
23 50
41 45
23 47
23 51
41 44
23 46
41 43
23 45
40 43
24 45
39 43
25 45
39 42
25 46
39 41
25 47
39 40
38 41
26 47
39 39
37 41
27 47
37 40
27 46
37 39
27 45
37 38
27 44
37 37
27 43
38 37
28 43
26 43
39 37
29 43
25 43
40 37
29 44
30 43
24 43
41 37
29 45
31 43
23 43
42 37
29 46
31 42
22 43
43 37
29 47
31 41
21 43
43 38
29 48
31 40
21 42
21 44
43 39
29 49
31 39
21 41
21 45
44 39
42 39
30 49
28 49
30 39
22 41
21 46
45 39
41 39
31 49
27 49
29 39
23 41
21 47
45 40
41 40
32 49
26 49
29 38
29 40
23 40
20 47
45 41
41 41
33 49
25 49
29 37
29 41
23 39
19 47
46 41
42 41
29 36
30 37
22 39
18 47
47 41
43 41
29 35
31 37
21 39
17 47
48 41
43 42
32 37
21 38
17 48
49 41
43 43
33 37
21 37
17 49
44 43
33 38
21 36
17 50
45 43
33 39
21 35
17 51
45 44
34 39
20 35
16 51
45 45
35 39
19 35
15 51
45 46
35 38
35 40
15 52
45 47
35 37
35 41
15 53
46 47
34 41
16 53
14 53
47 47
33 41
17 53
13 53
47 46
18 53
13 52
47 45
19 53
13 51
47 44
19 52
13 50
47 43
19 51
13 49
48 43
19 50
14 49
12 49
49 43
19 49
15 49
11 49
50 43
11 48
51 43
11 47
51 42
10 47
51 41
9 47
51 40
8 47
51 39
7 47
50 39
6 47
49 39
5 47
48 39
5 48
5 49
-1 -1
