90 69
91 69
89 69
92 69
89 68
93 69
89 67
93 68
88 67
93 67
87 67
92 67
86 67
91 67
85 67
91 66
85 68
91 65
85 69
91 64
84 69
91 63
83 69
90 63
83 68
89 63
83 67
89 62
82 67
89 61
81 67
90 61
88 61
81 66
80 67
91 61
87 61
81 65
79 67
92 61
87 60
87 62
81 64
79 66
93 61
87 59
87 63
81 63
79 65
93 62
87 64
82 63
79 64
93 63
87 65
83 63
79 63
93 64
88 65
86 65
83 62
79 62
93 65
89 65
85 65
83 61
79 61
94 65
85 64
84 65
84 61
80 61
95 65
85 63
83 65
85 61
81 61
95 64
85 60
81 60
95 63
85 59
81 59
95 62
85 58
80 59
95 61
85 57
79 59
96 61
86 57
79 58
97 61
87 57
79 57
97 62
87 56
80 57
97 63
87 55
81 57
98 63
88 55
82 57
99 63
89 55
83 57
99 62
89 56
90 55
83 58
99 61
89 57
91 55
83 59
100 61
89 58
91 54
91 56
101 61
89 59
91 53
91 57
102 61
90 59
91 52
103 61
91 59
91 51
103 60
103 62
92 59
103 59
103 63
93 59
102 59
103 64
93 58
101 59
103 65
93 57
101 58
103 66
93 56
101 57
103 67
93 55
102 57
102 67
93 54
103 57
101 67
93 53
103 56
101 66
93 52
103 55
101 65
93 51
102 55
101 64
100 65
94 51
101 55
101 63
99 65
95 51
101 54
98 65
95 52
101 53
97 65
95 53
102 53
100 53
97 66
96 53
103 53
99 53
97 67
97 53
103 52
99 54
97 68
97 52
103 51
99 55
97 69
97 51
103 50
98 55
96 69
98 51
103 49
97 55
95 69
99 51
102 49
97 56
95 68
95 70
99 50
101 49
97 57
95 67
95 71
99 49
101 50
96 57
96 71
98 49
101 51
95 57
97 71
97 49
95 56
95 58
97 72
97 48
95 55
95 59
97 73
97 47
96 59
97 74
97 46
98 47
97 59
97 75
97 45
99 47
98 59
96 75
96 45
99 46
99 59
95 75
95 45
99 45
99 58
95 76
100 45
99 57
95 77
101 45
95 78
101 44
101 46
95 79
101 43
101 47
95 80
101 42
102 47
95 81
101 41
103 47
95 82
103 46
95 83
103 45
95 84
103 44
95 85
103 43
94 85
103 42
93 85
103 41
93 84
103 40
93 83
103 39
93 82
102 39
93 81
101 39
92 81
101 38
91 81
101 37
90 81
102 37
89 81
103 37
89 80
103 36
89 79
103 35
89 78
103 34
102 35
89 77
103 33
101 35
90 77
102 33
100 35
91 77
101 33
99 35
91 76
100 33
99 36
91 75
99 33
99 37
90 75
99 32
99 38
89 75
99 31
99 39
88 75
99 30
99 40
87 75
99 29
99 41
87 74
100 29
99 42
87 73
101 29
99 43
86 73
101 28
98 43
85 73
101 27
97 43
85 74
102 27
97 42
85 75
103 27
97 41
85 76
103 26
103 28
97 40
85 77
103 25
103 29
97 39
86 77
102 25
103 30
96 39
87 77
101 25
103 31
95 39
87 78
101 24
102 31
95 38
87 79
101 23
101 31
95 37
86 79
101 22
94 37
85 79
101 21
93 37
84 79
100 21
93 38
83 79
99 21
93 39
83 78
99 20
93 40
83 77
99 19
93 41
83 76
99 18
94 41
83 75
99 17
95 41
83 74
100 17
95 42
83 73
101 17
95 43
83 72
82 73
101 16
94 43
83 71
81 73
101 15
93 43
84 71
81 74
101 14
93 44
85 71
81 75
101 13
93 45
86 71
80 75
102 13
93 46
87 71
79 75
103 13
93 47
87 70
88 71
78 75
103 12
103 14
94 47
87 69
89 71
77 75
103 11
103 15
95 47
90 71
76 75
102 11
103 16
95 48
91 71
75 75
101 11
103 17
95 49
92 71
75 74
74 75
100 11
103 18
94 49
93 71
75 73
73 75
99 11
103 19
93 49
93 72
73 76
99 10
103 20
102 19
92 49
93 73
73 77
99 9
103 21
101 19
91 49
93 74
94 73
92 73
74 77
99 8
103 22
91 48
93 75
95 73
91 73
75 77
99 7
103 23
91 47
93 76
90 73
75 78
98 7
90 47
93 77
89 73
75 79
97 7
89 47
93 78
76 79
97 6
88 47
93 79
77 79
97 5
87 47
92 79
77 80
98 5
87 48
91 79
77 81
99 5
87 49
77 82
100 5
87 50
88 49
77 83
101 5
87 51
89 49
78 83
101 6
86 51
89 50
79 83
101 7
85 51
89 51
79 82
102 7
84 51
89 52
79 81
103 7
83 51
89 53
80 81
103 6
103 8
82 51
88 53
81 81
103 5
103 9
81 51
87 53
81 80
81 82
103 4
102 9
81 52
86 53
81 79
81 83
103 3
101 9
81 53
85 53
81 78
81 84
102 3
82 53
85 54
81 77
81 85
101 3
83 53
85 55
80 77
81 86
100 3
84 55
79 77
81 87
99 3
83 55
79 78
78 77
82 87
98 3
82 55
79 79
77 77
83 87
97 3
81 55
83 86
97 2
80 55
83 85
97 1
79 55
83 84
98 1
96 1
79 54
83 83
99 1
95 1
79 53
84 83
100 1
95 2
79 52
85 83
101 1
95 3
79 51
85 84
102 1
94 3
78 51
85 85
103 1
93 3
77 51
85 86
93 2
76 51
85 87
93 1
75 51
85 88
92 1
75 50
85 89
91 1
75 49
84 89
90 1
75 48
74 49
83 89
89 1
75 47
73 49
82 89
88 1
76 47
73 48
81 89
87 1
77 47
73 47
80 89
86 1
77 48
79 89
85 1
77 49
78 89
85 2
78 49
77 89
85 3
79 49
76 89
84 3
79 48
75 89
83 3
79 47
74 89
83 4
79 46
73 89
83 5
79 45
73 88
84 5
80 45
73 87
85 5
81 45
73 86
85 6
81 46
73 85
85 7
81 47
72 85
85 8
81 48
82 47
71 85
85 9
81 49
83 47
71 84
85 10
82 49
71 83
85 11
83 49
70 83
84 11
84 49
69 83
83 11
85 49
69 82
68 83
83 10
85 48
69 81
67 83
83 9
85 47
70 81
67 84
66 83
83 8
85 46
71 81
67 85
65 83
83 7
85 45
71 80
68 85
82 7
84 45
71 79
69 85
81 7
83 45
72 79
70 79
69 86
81 6
83 44
73 79
69 79
69 87
81 5
83 43
73 80
69 78
69 88
80 5
82 43
73 81
69 77
69 89
79 5
81 43
73 82
70 77
69 90
78 5
80 43
73 83
71 77
69 91
77 5
79 43
74 83
71 76
69 92
76 5
78 43
75 83
71 75
69 93
75 5
77 43
75 82
75 84
70 75
68 93
75 6
77 44
75 81
75 85
69 75
67 93
75 7
77 45
76 85
67 92
67 94
76 7
76 45
77 85
67 91
67 95
77 7
75 45
77 86
67 90
68 95
77 8
74 45
77 87
67 89
69 95
77 9
73 45
78 87
76 87
67 88
69 96
77 10
72 45
79 87
75 87
67 87
69 97
77 11
71 45
79 86
69 98
78 11
71 46
79 85
69 99
79 11
71 47
70 99
79 10
71 48
71 99
79 9
71 49
72 99
79 8
80 9
70 49
73 99
79 7
81 9
69 49
73 98
81 10
69 50
73 97
81 11
69 51
72 97
81 12
70 51
71 97
81 13
71 51
71 96
82 13
72 51
71 95
83 13
73 51
71 94
83 14
73 52
71 93
83 15
73 53
72 93
83 16
74 53
73 93
83 17
75 53
73 94
83 18
76 53
73 95
83 19
77 53
74 95
84 19
77 54
75 95
85 19
77 55
76 95
85 20
77 56
77 95
85 21
77 57
78 95
85 22
77 58
79 95
85 23
77 59
79 96
85 24
77 60
79 97
85 25
77 61
80 97
84 25
77 62
81 97
83 25
77 63
81 98
82 25
77 64
81 99
81 25
77 65
80 99
81 26
76 65
79 99
81 27
75 65
78 99
80 27
75 64
77 99
79 27
75 63
76 99
79 26
74 63
75 99
79 25
73 63
75 98
75 100
79 24
73 64
75 97
75 101
79 23
73 65
76 97
75 102
80 23
73 66
77 97
75 103
81 23
73 67
76 103
74 103
82 23
72 67
77 103
73 103
83 23
71 67
78 103
73 102
83 22
71 66
70 67
79 103
73 101
83 21
71 65
69 67
80 103
72 101
82 21
70 65
81 103
71 101
81 21
69 65
81 102
71 102
81 20
68 65
81 101
71 103
81 19
67 65
82 101
80 101
70 103
80 19
67 66
83 101
79 101
69 103
79 19
67 67
84 101
78 101
68 103
79 18
66 67
85 101
77 101
67 103
79 17
65 67
86 101
66 103
80 17
65 68
87 101
65 103
81 17
65 69
87 102
64 103
81 16
66 69
87 103
63 103
81 15
67 69
88 103
86 103
62 103
80 15
67 70
68 69
89 103
85 103
61 103
79 15
67 71
69 69
90 103
84 103
60 103
79 14
68 71
70 69
91 103
83 103
59 103
79 13
69 71
71 69
92 103
58 103
78 13
70 71
72 69
93 103
57 103
77 13
71 71
73 69
93 102
57 102
76 13
74 69
93 101
57 101
75 13
75 69
92 101
58 101
75 12
75 68
91 101
59 101
75 11
75 67
90 101
60 101
74 11
76 67
89 101
61 101
73 11
77 67
89 100
62 101
72 11
77 68
89 99
63 101
71 11
77 69
88 99
63 100
70 11
78 69
87 99
63 99
69 11
79 69
87 98
64 99
62 99
68 11
80 69
87 97
65 99
61 99
67 11
81 69
88 97
65 100
60 99
67 10
81 70
89 97
65 101
59 99
67 9
81 71
90 97
66 101
58 99
66 9
80 71
91 97
67 101
57 99
65 9
79 71
91 98
67 100
68 101
57 98
64 9
79 72
91 99
67 99
69 101
57 97
63 9
79 73
92 99
67 98
58 97
63 10
78 73
93 99
67 97
59 97
63 11
77 73
94 99
59 96
63 12
77 72
95 99
59 95
63 13
77 71
95 100
58 95
62 13
76 71
95 101
57 95
61 13
75 71
95 102
56 95
60 13
74 71
95 103
55 95
59 13
73 71
96 103
55 94
58 13
73 72
97 103
55 93
57 13
73 73
97 102
54 93
57 14
72 73
97 101
53 93
57 15
71 73
97 100
52 93
57 16
70 73
97 99
51 93
57 17
69 73
97 98
51 94
57 18
68 73
97 97
51 95
57 19
67 73
98 97
50 95
56 19
67 74
99 97
49 95
55 19
67 75
100 97
48 95
55 18
66 75
101 97
47 95
55 17
65 75
101 98
47 94
47 96
55 16
64 75
101 99
47 93
47 97
55 15
63 75
102 99
48 93
48 97
55 14
63 74
103 99
49 93
49 97
55 13
63 73
103 98
103 100
49 98
54 13
64 73
103 97
103 101
49 99
53 13
65 73
103 96
102 101
49 100
53 12
65 72
103 95
101 101
49 101
53 11
65 71
102 95
101 102
48 101
52 11
64 71
101 95
101 103
47 101
51 11
63 71
101 94
102 103
100 103
47 102
51 12
62 71
101 93
103 103
99 103
47 103
51 13
61 71
101 92
99 102
48 103
46 103
50 13
61 72
101 91
99 101
49 103
45 103
49 13
61 73
100 91
99 100
50 103
44 103
49 12
60 73
99 91
99 99
51 103
43 103
49 11
59 73
99 90
52 103
43 102
49 10
59 74
58 73
99 89
53 103
43 101
49 9
59 75
57 73
99 88
54 103
43 100
49 8
60 75
56 73
99 87
55 103
43 99
49 7
61 75
55 73
98 87
55 102
42 99
50 7
61 76
54 73
97 87
55 101
41 99
51 7
61 77
53 73
97 86
97 88
55 100
41 100
51 6
61 78
62 77
53 74
97 85
97 89
55 99
41 101
51 5
61 79
63 77
53 75
98 85
96 89
54 99
40 101
50 5
61 80
63 78
54 75
52 75
99 85
95 89
53 99
39 101
49 5
61 81
63 79
55 75
51 75
99 84
95 90
53 100
39 102
49 4
60 81
64 79
56 75
99 83
95 91
53 101
39 103
49 3
59 81
65 79
57 75
99 82
94 91
52 101
40 103
38 103
48 3
59 82
58 81
65 78
99 81
93 91
51 101
41 103
37 103
47 3
59 83
57 81
65 77
100 81
93 92
51 100
36 103
47 4
59 84
66 77
101 81
93 93
51 99
35 103
47 5
59 85
67 77
101 80
93 94
51 98
34 103
46 5
60 85
67 78
101 79
93 95
51 97
33 103
45 5
61 85
67 79
100 79
93 96
92 95
52 97
32 103
45 6
61 84
67 80
99 79
93 97
91 95
53 97
31 103
45 7
61 83
67 81
98 79
94 97
91 94
53 96
54 97
31 102
44 7
66 81
97 79
95 97
91 93
53 95
55 97
31 101
43 7
65 81
97 78
97 80
95 96
90 93
32 101
43 6
64 81
97 77
97 81
95 95
89 93
33 101
43 5
63 81
98 77
97 82
96 95
88 93
34 101
43 4
63 82
99 77
97 83
97 95
87 93
35 101
43 3
63 83
100 77
97 94
87 94
35 100
42 3
63 84
101 77
97 93
87 95
35 99
41 3
63 85
101 76
97 92
98 93
96 93
88 95
86 95
36 99
41 2
64 85
101 75
97 91
99 93
95 93
89 95
85 95
37 99
41 1
65 85
100 75
99 94
85 94
37 98
37 100
42 1
40 1
65 86
99 75
99 95
85 93
37 97
37 101
43 1
39 1
65 87
99 74
85 92
37 96
44 1
38 1
64 87
99 73
85 91
37 95
45 1
37 1
63 87
100 73
86 91
84 91
37 94
45 2
46 1
36 1
63 88
101 73
87 91
83 91
37 93
45 3
47 1
35 1
63 89
102 73
87 90
82 91
37 92
48 1
35 2
64 89
103 73
87 89
81 91
37 91
49 1
35 3
65 89
103 72
103 74
87 88
80 91
37 90
50 1
34 3
65 90
103 71
103 75
87 87
79 91
37 89
51 1
33 3
65 91
102 71
103 76
87 86
79 92
37 88
51 2
33 2
65 92
101 71
103 77
87 85
79 93
37 87
51 3
33 1
65 93
100 71
103 78
88 85
80 93
78 93
37 86
52 3
32 1
65 94
99 71
103 79
89 85
81 93
77 93
37 85
53 3
31 1
65 95
99 70
103 80
89 86
81 94
77 92
36 85
53 2
30 1
65 96
64 95
99 69
103 81
89 87
81 95
77 91
35 85
53 1
29 1
65 97
63 95
99 68
100 69
103 82
89 88
82 95
76 91
35 86
54 1
28 1
64 97
99 67
101 69
103 83
89 89
83 95
75 91
35 87
55 1
27 1
63 97
102 69
102 83
89 90
83 94
83 96
75 92
74 91
34 87
56 1
26 1
62 97
103 69
101 83
89 91
83 93
83 97
75 93
73 91
33 87
57 1
25 1
61 97
101 84
90 91
83 98
72 91
32 87
58 1
25 2
61 96
101 85
91 91
83 99
71 91
31 87
59 1
25 3
61 95
102 85
91 90
84 99
71 90
31 86
60 1
26 3
24 3
61 94
103 85
91 89
85 99
71 89
31 85
61 1
27 3
23 3
61 93
103 86
92 89
85 98
71 88
30 85
62 1
27 4
22 3
62 93
103 87
93 89
85 97
71 87
29 85
63 1
27 5
21 3
63 93
103 88
93 88
29 84
63 2
27 6
21 2
63 92
103 89
93 87
29 83
63 3
27 7
21 1
63 91
103 90
102 89
94 87
92 87
30 83
28 83
64 3
26 7
22 1
20 1
62 91
103 91
101 89
95 87
91 87
31 83
27 83
65 3
25 7
23 1
19 1
61 91
103 92
101 88
91 86
32 83
27 84
65 2
25 6
25 8
19 2
60 91
103 93
101 87
91 85
33 83
27 85
65 1
25 5
25 9
19 3
59 91
91 84
33 84
34 83
26 85
66 1
25 10
18 3
59 92
91 83
33 85
35 83
25 85
67 1
25 11
17 3
59 93
90 83
35 82
24 85
67 2
25 12
17 2
58 93
89 83
35 81
23 85
67 3
25 13
17 1
57 93
88 83
34 81
22 85
67 4
26 13
16 1
57 92
87 83
33 81
21 85
67 5
27 13
15 1
57 91
87 82
33 80
20 85
68 5
27 12
14 1
56 91
87 81
33 79
19 85
69 5
27 11
13 1
55 91
86 81
34 79
19 84
19 86
70 5
28 11
54 91
85 81
35 79
19 83
19 87
71 5
29 11
53 91
84 81
35 78
20 83
19 88
71 4
29 10
53 90
52 91
83 81
35 77
21 83
19 89
71 3
29 9
53 89
51 91
36 77
34 77
22 83
18 89
70 3
29 8
28 9
51 90
37 77
33 77
23 83
17 89
69 3
29 7
27 9
51 89
37 76
38 77
24 83
17 88
16 89
69 2
30 7
51 88
50 89
37 75
39 77
25 83
17 87
15 89
69 1
31 7
51 87
49 89
37 74
36 75
39 78
25 82
15 90
70 1
31 6
49 90
37 73
35 75
39 79
25 81
15 91
71 1
31 5
49 91
38 79
26 81
24 81
15 92
72 1
32 5
30 5
48 91
37 79
27 81
23 81
15 93
73 1
33 5
29 5
47 91
37 80
23 80
15 94
73 2
33 6
29 4
46 91
37 81
23 79
15 95
73 3
33 7
29 3
45 91
37 82
22 79
16 95
73 4
74 3
33 8
30 3
45 92
37 83
21 79
17 95
73 5
75 3
33 9
31 3
45 93
38 83
21 78
21 80
18 95
73 6
76 3
32 9
45 94
39 83
21 77
21 81
19 95
73 7
77 3
31 9
45 95
39 82
20 81
19 94
73 8
78 3
31 10
44 95
39 81
19 81
19 93
73 9
79 3
31 11
43 95
40 81
19 80
19 92
74 9
72 9
80 3
31 12
43 94
41 81
19 79
19 91
75 9
71 9
81 3
31 13
43 93
41 82
20 91
18 91
70 9
81 2
32 13
43 92
41 83
21 91
17 91
69 9
81 1
33 13
43 91
41 84
21 92
17 92
69 8
82 1
80 1
33 12
43 90
41 85
21 93
17 93
69 7
83 1
79 1
33 11
43 89
42 85
22 93
70 7
68 7
78 1
34 11
44 89
43 85
23 93
71 7
67 7
77 1
35 11
45 89
43 86
23 92
66 7
76 1
35 12
46 89
43 87
23 91
65 7
75 1
35 13
47 89
44 87
42 87
24 91
64 7
35 14
47 88
45 87
41 87
25 91
63 7
35 15
47 87
45 86
40 87
26 91
62 7
36 15
48 87
45 85
39 87
27 91
61 7
37 15
49 87
46 85
39 86
39 88
27 92
60 7
37 14
49 86
47 85
39 85
39 89
27 93
59 7
37 13
49 85
47 84
39 90
27 94
59 6
37 12
49 84
47 83
39 91
27 95
59 5
37 11
49 83
47 82
40 91
26 95
58 5
37 10
50 83
47 81
41 91
25 95
57 5
37 9
51 83
47 80
41 90
41 92
25 94
25 96
56 5
36 9
51 84
52 83
47 79
41 89
41 93
25 93
25 97
55 5
35 9
51 85
53 83
46 79
41 94
26 97
55 4
54 5
35 8
52 85
45 79
41 95
27 97
55 3
53 5
35 7
53 85
45 80
40 95
28 97
56 3
53 6
36 7
53 86
54 85
45 81
39 95
29 97
57 3
53 7
37 7
53 87
55 85
45 82
39 94
39 96
29 98
58 3
54 7
38 7
54 87
45 83
39 93
39 97
29 99
59 3
55 7
39 7
55 87
44 83
39 98
40 97
29 100
30 99
60 3
56 7
39 6
55 88
43 83
39 99
41 97
29 101
31 99
61 3
57 7
39 5
55 89
43 82
42 97
29 102
32 99
61 4
57 8
40 5
38 5
56 89
43 81
43 97
29 103
33 99
61 5
57 9
41 5
37 5
57 89
43 80
44 97
28 103
33 98
62 5
58 9
41 6
37 4
36 5
58 89
43 79
45 97
27 103
33 97
63 5
59 9
41 7
37 3
35 5
59 89
43 78
45 98
26 103
33 96
64 5
60 9
41 8
38 3
60 89
43 77
45 99
25 103
33 95
65 5
61 9
41 9
39 3
61 89
44 77
42 77
45 100
46 99
24 103
34 95
61 10
41 10
61 88
45 77
41 77
45 101
47 99
23 103
35 95
61 11
41 11
61 87
45 76
41 78
23 102
35 94
35 96
60 11
41 12
60 87
45 75
41 79
23 101
35 93
35 97
59 11
41 13
59 87
22 101
35 92
58 11
41 14
58 87
21 101
35 91
57 11
41 15
57 87
21 100
34 91
56 11
42 15
57 86
21 99
33 91
55 11
43 15
57 85
22 99
32 91
55 10
44 15
57 84
23 99
31 91
55 9
45 15
57 83
23 98
24 99
31 92
54 9
45 16
56 83
23 97
25 99
31 93
53 9
45 17
55 83
23 96
25 100
32 93
30 93
52 9
45 18
55 82
23 95
25 101
33 93
29 93
51 9
45 19
55 81
22 95
26 101
29 92
29 94
44 19
55 80
21 95
27 101
29 91
29 95
43 19
55 79
21 96
27 100
29 90
30 95
43 20
56 79
21 97
27 99
29 89
31 95
43 21
57 79
20 97
29 88
30 89
31 96
42 21
58 79
19 97
29 87
31 89
31 97
41 21
59 79
18 97
28 87
32 89
41 22
59 78
17 97
27 87
33 89
41 23
59 77
17 98
27 88
34 89
42 23
58 77
17 99
27 89
35 89
43 23
57 77
18 99
26 89
44 23
56 77
19 99
25 89
45 23
55 77
19 100
24 89
46 23
54 77
19 101
23 89
47 23
53 77
18 101
23 88
47 24
52 77
17 101
23 87
47 25
51 77
17 102
24 87
22 87
48 25
51 78
17 103
25 87
21 87
49 25
51 79
18 103
16 103
21 88
49 26
52 79
19 103
15 103
21 89
49 27
53 79
20 103
14 103
48 27
53 80
21 103
13 103
47 27
53 81
13 102
46 27
52 81
13 101
45 27
51 81
12 101
44 27
50 81
11 101
43 27
49 81
11 100
43 28
49 80
11 99
43 29
49 79
10 99
43 30
49 78
9 99
43 31
49 77
8 99
43 32
48 77
7 99
43 33
47 77
6 99
44 33
47 76
5 99
45 33
47 75
5 98
45 34
47 74
48 75
5 97
45 35
47 73
49 75
6 97
45 36
49 74
7 97
45 37
49 73
8 97
44 37
50 73
9 97
43 37
51 73
9 96
43 38
51 72
9 95
43 39
51 71
8 95
44 39
51 70
7 95
45 39
51 69
6 95
46 39
52 69
5 95
47 39
53 69
5 94
48 39
53 68
53 70
5 93
49 39
53 67
53 71
6 93
50 39
54 67
54 71
7 93
51 39
55 67
55 71
7 92
51 38
55 68
56 71
7 91
51 37
55 69
57 71
8 91
6 91
50 37
58 71
9 91
5 91
49 37
59 71
9 90
9 92
4 91
49 36
59 70
9 89
9 93
3 91
49 35
59 69
8 89
10 93
3 92
48 35
58 69
7 89
11 93
3 93
47 35
57 69
7 88
11 92
2 93
47 34
47 36
57 68
7 87
11 91
1 93
47 33
47 37
57 67
12 91
1 92
1 94
48 33
57 66
13 91
1 91
1 95
49 33
57 65
13 92
1 90
2 95
50 33
56 65
13 93
1 89
3 95
51 33
55 65
13 94
1 88
3 96
51 32
55 64
13 95
1 87
3 97
51 31
55 63
12 95
1 86
2 97
52 31
55 62
11 95
1 85
1 97
53 31
55 61
11 96
1 84
1 98
53 32
56 61
11 97
1 83
1 99
53 33
57 61
12 97
1 82
1 100
54 33
57 60
13 97
1 81
1 101
55 33
57 59
14 97
2 81
1 102
55 34
56 59
15 97
3 81
1 103
55 35
55 59
15 98
3 80
2 103
55 36
54 59
15 99
3 79
3 103
55 37
53 59
15 100
14 99
2 79
4 103
56 37
53 60
15 101
13 99
1 79
5 103
57 37
53 61
5 102
57 36
53 62
5 101
57 35
53 63
6 101
4 101
58 35
53 64
7 101
3 101
59 35
53 65
8 101
3 100
59 36
52 65
9 101
3 99
59 37
51 65
9 102
60 37
51 66
9 103
61 37
51 67
10 103
8 103
61 36
50 67
11 103
7 103
61 35
49 67
62 35
49 68
63 35
49 69
64 35
49 70
65 35
49 71
65 36
48 71
65 37
47 71
65 38
46 71
65 39
45 71
65 40
45 72
65 41
45 73
65 42
44 73
65 43
43 73
65 44
43 74
65 45
43 75
66 45
42 75
67 45
41 75
67 46
40 75
67 47
39 75
67 48
68 47
39 74
67 49
69 47
39 73
67 50
69 46
39 72
67 51
69 45
39 71
67 52
69 44
39 70
67 53
69 43
39 69
66 53
68 43
38 69
65 53
67 43
37 69
65 54
67 42
37 70
65 55
67 41
37 71
65 56
67 40
36 71
65 57
67 39
35 71
65 58
68 39
35 72
65 59
69 39
35 73
66 59
70 39
34 73
67 59
71 39
33 73
67 58
71 38
33 74
67 57
71 37
33 75
68 57
72 37
32 75
69 57
73 37
31 75
70 57
73 36
31 76
71 57
73 35
31 77
72 57
72 35
31 78
73 57
71 35
31 79
74 57
70 35
31 80
75 57
69 35
31 81
75 56
75 58
68 35
30 81
75 55
75 59
67 35
29 81
74 55
74 59
67 34
67 36
29 80
73 55
73 59
67 33
67 37
29 79
72 55
72 59
68 33
68 37
29 78
71 55
71 59
69 33
69 37
29 77
71 54
70 59
69 32
28 77
71 53
69 59
69 31
27 77
70 53
69 60
68 31
27 78
69 53
69 61
67 31
27 79
69 54
69 62
66 31
26 79
69 55
69 63
65 31
25 79
68 55
70 63
68 63
65 30
25 78
67 55
71 63
67 63
65 29
25 77
71 62
66 63
65 28
24 77
71 61
65 63
65 27
23 77
72 61
65 64
65 26
23 76
73 61
65 65
65 25
23 75
74 61
64 65
66 25
22 75
75 61
63 65
67 25
21 75
63 64
67 26
21 74
63 63
67 27
21 73
62 63
67 28
22 73
61 63
67 29
23 73
60 63
68 29
23 72
59 63
69 29
23 71
59 62
59 64
58 63
69 28
22 71
59 61
59 65
57 63
69 27
21 71
59 60
59 66
69 26
20 71
59 59
59 67
69 25
19 71
59 58
60 67
70 25
19 72
59 57
61 67
71 25
19 73
60 57
61 66
62 67
72 25
19 74
61 57
61 65
63 67
73 25
19 75
61 58
63 68
73 26
19 76
61 59
63 69
73 27
19 77
61 60
62 69
73 28
18 77
61 61
61 69
73 29
17 77
62 61
73 30
17 78
63 61
73 31
17 79
63 60
64 61
72 31
16 79
63 59
65 61
71 31
15 79
63 58
66 61
71 30
71 32
15 80
63 57
67 61
71 29
71 33
15 81
63 56
71 28
72 33
16 81
63 55
71 27
73 33
17 81
62 55
74 33
17 82
61 55
75 33
17 83
61 54
75 34
17 84
61 53
75 35
17 85
61 52
75 36
16 85
61 51
75 37
15 85
61 50
76 37
15 86
61 49
77 37
15 87
62 49
78 37
14 87
63 49
79 37
13 87
63 48
80 37
13 88
63 47
81 37
13 89
63 46
64 47
82 37
12 89
63 45
65 47
83 37
11 89
62 45
65 48
83 36
11 88
61 45
65 49
83 35
11 87
60 45
65 50
83 34
10 87
59 45
65 51
83 33
9 87
59 44
64 51
82 33
9 86
59 43
63 51
81 33
9 85
60 43
63 52
81 32
9 84
61 43
63 53
81 31
9 83
61 42
80 31
8 83
61 41
79 31
7 83
61 40
78 31
7 84
61 39
77 31
7 85
62 39
60 39
77 30
77 32
6 85
63 39
59 39
77 29
77 33
5 85
63 38
63 40
59 40
77 28
78 29
78 33
5 86
63 37
63 41
59 41
77 27
79 29
79 33
5 87
63 42
58 41
76 27
80 29
79 34
5 88
63 43
57 41
75 27
81 29
79 35
5 89
57 40
75 26
75 28
82 29
80 35
78 35
4 89
57 39
75 25
75 29
83 29
81 35
77 35
3 89
56 39
76 25
75 30
83 28
3 88
55 39
77 25
75 31
83 27
3 87
55 40
77 24
84 27
3 86
55 41
77 23
85 27
3 85
55 42
77 22
85 28
3 84
55 43
77 21
85 29
3 83
55 44
78 21
76 21
85 30
4 83
55 45
79 21
75 21
85 31
5 83
54 45
75 22
85 32
84 31
5 82
53 45
75 23
85 33
83 31
5 81
53 46
74 23
85 34
5 80
53 47
73 23
85 35
5 79
52 47
73 22
86 35
5 78
51 47
73 21
87 35
5 77
51 46
73 20
87 34
4 77
51 45
73 19
87 33
3 77
51 44
73 18
88 33
2 77
51 43
73 17
89 33
1 77
52 43
74 17
89 32
1 76
53 43
75 17
89 31
1 75
53 42
75 18
90 31
1 74
53 41
75 19
91 31
1 73
53 40
52 41
76 19
91 32
1 72
2 73
53 39
51 41
77 19
91 33
1 71
3 73
53 38
50 41
77 18
92 33
3 72
53 37
49 41
77 17
93 33
3 71
53 36
49 42
77 16
93 32
3 70
53 35
49 43
77 15
93 31
3 69
52 35
48 43
76 15
93 30
2 69
51 35
47 43
75 15
93 29
1 69
47 42
74 15
94 29
1 68
47 41
73 15
95 29
1 67
46 41
72 15
95 28
2 67
45 41
71 15
95 27
3 67
45 42
70 15
96 27
3 66
45 43
69 15
97 27
3 65
45 44
69 14
97 26
97 28
2 65
45 45
69 13
97 25
97 29
1 65
44 45
70 13
68 13
97 24
97 30
1 64
43 45
71 13
67 13
97 23
97 31
1 63
43 44
72 13
67 14
98 23
96 23
97 32
1 62
43 43
73 13
67 15
99 23
95 23
97 33
1 61
42 43
67 16
99 24
95 24
97 34
1 60
41 43
67 17
99 25
95 25
97 35
1 59
41 42
68 17
99 26
94 25
97 36
96 35
1 58
41 41
69 17
99 27
93 25
97 37
95 35
1 57
42 41
40 41
69 18
93 26
95 34
94 35
1 56
2 57
43 41
39 41
69 19
93 27
95 33
93 35
1 55
3 57
39 42
69 20
92 27
95 32
92 35
1 54
4 57
39 43
69 21
91 27
95 31
91 35
1 53
5 57
38 43
68 21
91 26
91 36
1 52
5 56
37 43
67 21
91 25
91 37
1 51
5 55
36 43
66 21
91 24
90 37
1 50
4 55
35 43
65 21
91 23
89 37
1 49
3 55
34 43
64 21
90 23
89 36
88 37
2 49
3 54
33 43
63 21
89 23
89 35
87 37
3 49
3 53
33 42
63 20
88 23
87 38
4 49
3 52
33 41
63 19
87 23
87 39
5 49
3 51
32 41
62 19
87 22
87 24
87 40
5 48
4 51
31 41
61 19
87 21
87 25
87 41
5 47
5 51
31 40
60 19
87 20
88 25
87 42
6 47
5 52
31 39
59 19
87 19
89 25
87 43
7 47
5 53
32 39
59 18
59 20
87 18
89 26
87 44
86 43
7 46
6 53
33 39
59 17
59 21
87 17
89 27
87 45
85 43
7 45
7 53
34 39
59 16
59 22
86 17
88 27
88 45
85 42
7 44
7 54
35 39
59 15
59 23
85 17
87 27
89 45
85 41
7 43
7 55
35 38
60 15
59 24
85 16
87 28
90 45
84 41
8 43
7 56
35 37
61 15
59 25
85 15
87 29
91 45
83 41
9 43
7 57
34 37
61 16
58 25
86 15
87 30
88 29
91 44
82 41
9 44
8 57
33 37
61 17
57 25
87 15
87 31
89 29
91 43
81 41
9 45
9 57
33 36
62 17
56 25
88 15
90 29
91 42
81 40
10 45
9 56
33 35
63 17
55 25
89 15
91 29
91 41
81 39
11 45
9 55
33 34
63 16
55 26
89 16
91 40
82 39
80 39
11 44
9 54
33 33
63 15
55 27
89 17
91 39
83 39
79 39
11 43
9 53
32 33
64 15
56 27
90 17
90 39
84 39
79 40
11 42
10 53
31 33
65 15
57 27
91 17
89 39
85 39
79 41
11 41
11 53
31 32
65 14
65 16
58 27
92 17
89 40
85 38
78 41
12 41
10 41
12 53
31 31
65 13
65 17
59 27
93 17
89 41
85 37
77 41
13 41
9 41
13 53
31 30
65 12
65 18
59 28
93 16
89 42
77 40
13 42
9 40
13 52
31 29
65 11
65 19
59 29
93 15
89 43
77 39
13 43
9 39
13 51
32 29
66 19
59 30
92 15
76 39
13 44
8 39
13 50
33 29
67 19
59 31
91 15
75 39
13 45
7 39
13 49
33 28
58 31
91 14
75 40
13 46
7 38
14 49
33 27
57 31
91 13
75 41
13 47
7 37
15 49
32 27
57 32
56 31
92 13
75 42
12 47
8 37
15 48
31 27
57 33
55 31
93 13
75 43
11 47
9 37
15 47
30 27
58 33
55 30
93 12
74 43
10 47
10 37
15 46
29 27
59 33
55 29
93 11
73 43
9 47
11 37
15 45
28 27
60 33
56 29
54 29
93 10
72 43
9 48
11 36
11 38
15 44
27 27
61 33
57 29
53 29
93 9
71 43
9 49
11 35
11 39
15 43
27 26
61 32
53 28
92 9
71 42
10 49
10 35
15 42
27 25
61 31
53 27
91 9
71 41
11 49
9 35
15 41
28 25
61 30
52 27
91 10
72 41
70 41
11 50
9 34
15 40
29 25
61 29
51 27
91 11
73 41
69 41
11 51
9 33
15 39
29 24
62 29
51 26
51 28
90 11
73 40
10 51
8 33
14 39
29 23
63 29
51 25
51 29
89 11
73 39
9 51
7 33
13 39
28 23
63 28
63 30
51 24
50 29
89 10
8 51
7 32
13 38
27 23
63 27
63 31
51 23
49 29
89 9
7 51
7 31
13 37
26 23
62 27
63 32
52 23
48 29
88 9
7 50
7 30
8 31
13 36
25 23
61 27
63 33
53 23
47 29
87 9
7 49
7 29
9 31
13 35
25 24
61 26
64 33
53 22
53 24
46 29
87 8
87 10
7 28
10 31
13 34
25 25
61 25
65 33
53 21
53 25
45 29
87 7
87 11
7 27
11 31
13 33
25 26
61 24
53 20
54 21
45 30
88 7
87 12
6 27
11 32
13 32
25 27
61 23
53 19
55 21
45 31
89 7
87 13
5 27
11 33
13 31
25 28
61 22
62 23
52 19
55 22
46 31
89 6
88 13
86 13
5 28
13 30
25 29
61 21
63 23
51 19
55 23
47 31
89 5
89 13
85 13
5 29
13 29
25 30
63 24
64 23
51 18
56 23
48 31
88 5
5 30
12 29
25 31
63 25
65 23
51 17
57 23
49 31
87 5
5 31
11 29
24 31
66 23
50 17
57 22
87 4
4 31
10 29
23 31
67 23
49 17
57 21
87 3
3 31
9 29
23 30
68 23
48 17
88 3
2 31
9 28
23 29
69 23
47 17
89 3
1 31
9 27
23 28
70 23
47 16
47 18
90 3
1 30
1 32
9 26
23 27
71 23
47 15
47 19
91 3
1 29
1 33
9 25
23 26
71 22
47 14
48 15
49 15
-1 -1
