11 15
11 16
11 17
12 17
10 17
13 17
9 17
13 16
8 17
13 15
7 17
13 14
6 17
13 13
5 17
13 12
12 13
13 11
11 13
12 11
10 13
11 11
9 13
10 11
9 14
9 11
9 15
9 10
8 11
8 15
9 9
7 11
7 15
9 8
7 12
6 15
9 7
7 13
5 15
10 7
6 13
4 15
11 7
5 13
3 15
11 6
4 13
2 15
11 5
3 13
1 15
12 5
10 5
3 12
1 16
13 5
9 5
3 11
1 17
13 6
4 11
2 11
1 18
2 17
13 7
5 11
1 11
1 19
3 17
14 7
1 10
1 12
3 18
15 7
1 9
1 13
3 19
15 8
2 9
4 19
15 9
3 9
5 19
15 10
14 9
6 19
15 11
13 9
7 19
16 11
12 9
8 19
17 11
11 9
9 19
17 10
10 19
17 9
11 19
17 8
12 19
17 7
13 19
17 6
14 19
17 5
15 19
16 5
16 19
15 5
17 19
18 19
19 19
19 18
19 17
18 17
17 17
16 17
15 17
15 16
15 15
15 14
15 13
16 13
17 13
-1 -1
