9 9
9 8
10 9
9 7
11 9
8 7
11 8
7 7
11 7
6 7
11 6
5 7
11 5
4 7
10 5
3 7
9 5
2 7
8 5
1 7
7 5
1 6
1 8
7 4
1 5
1 9
7 3
1 4
2 5
2 9
6 3
1 3
3 5
3 9
5 3
4 5
3 10
4 3
5 5
3 11
3 3
3 12
3 2
3 13
3 1
3 14
2 1
3 15
1 1
2 15
1 15
1 14
1 16
1 13
1 17
1 12
2 17
1 11
3 17
4 17
5 17
5 16
5 15
5 14
5 13
6 13
7 13
8 13
9 13
9 14
9 15
9 16
9 17
8 17
7 17
7 16
7 18
7 15
7 19
8 19
9 19
10 19
11 19
11 20
11 21
12 21
13 21
14 21
15 21
15 20
15 19
15 18
15 17
16 17
17 17
17 18
17 19
18 19
19 19
19 20
19 21
20 21
21 21
22 21
23 21
23 20
23 22
23 19
23 23
23 18
22 23
23 17
21 23
22 17
20 23
21 17
19 23
21 18
20 17
18 23
21 19
19 17
17 23
19 16
17 22
16 23
19 15
17 21
15 23
20 15
14 23
21 15
13 23
22 15
12 23
23 15
11 23
23 14
10 23
23 13
9 23
22 13
9 22
21 13
9 21
20 13
8 21
19 13
7 21
6 21
-1 -1
